Data Capture Date				08 Nov 2014 07:10:27		
User Filename				C:\DOCUME~1\LABADM~1\LOCALS~1\TEMP\RAD77A2A.TMP		

Spectrum Type				Linear Counts		
User Number				04		
User Id				TEST2		
User Comment						
Isotope Name				WIND1		
Scintillator				LIQUID		
"Sample, Rack-Pos, Time:"				14	**-2	5.00
"H#, Total Counts:"				113.3	1165887	
"Start, End, X-Axis:"				0	4095	Channel Number

Channel	Counts					

0	2101
1	2141
2	8206
3	9868
4	8978
5	8377
6	7886
7	7406
8	7286
9	7312
10	7129
11	6987
12	6983
13	6712
14	6843
15	6637
16	6818
17	6604
18	6762
19	6539
20	6638
21	6558
22	6575
23	6613
24	6487
25	6606
26	6479
27	6516
28	6577
29	6413
30	6499
31	6457
32	6352
33	6428
34	6360
35	6310
36	6391
37	6341
38	6302
39	6388
40	6377
41	6318
42	6377
43	6387
44	6198
45	6238
46	6283
47	6169
48	6165
49	6202
50	6166
51	6027
52	6043
53	6058
54	5930
55	5863
56	5870
57	5876
58	5699
59	5690
60	5698
61	5705
62	5565
63	5573
64	5575
65	5565
66	5368
67	5358
68	5352
69	5344
70	5205
71	5188
72	5186
73	5186
74	5095
75	5047
76	5046
77	5043
78	4999
79	4889
80	4886
81	4882
82	4879
83	4780
84	4750
85	4744
86	4741
87	4715
88	4598
89	4593
90	4587
91	4582
92	4537
93	4471
94	4465
95	4455
96	4444
97	4366
98	4293
99	4282
100	4269
101	4261
102	4207
103	4158
104	4149
105	4137
106	4127
107	4069
108	3994
109	3980
110	3970
111	3959
112	3938
113	3867
114	3856
115	3841
116	3828
117	3807
118	3712
119	3667
120	3649
121	3628
122	3608
123	3568
124	3500
125	3480
126	3458
127	3436
128	3410
129	3330
130	3274
131	3254
132	3234
133	3213
134	3197
135	3140
136	3118
137	3101
138	3078
139	3057
140	3030
141	2927
142	2903
143	2880
144	2852
145	2831
146	2805
147	2727
148	2706
149	2688
150	2666
151	2647
152	2630
153	2576
154	2553
155	2536
156	2517
157	2494
158	2473
159	2419
160	2380
161	2354
162	2332
163	2312
164	2287
165	2249
166	2194
167	2172
168	2151
169	2128
170	2106
171	2086
172	2042
173	2014
174	1993
175	1972
176	1953
177	1932
178	1903
179	1850
180	1828
181	1809
182	1786
183	1766
184	1744
185	1711
186	1671
187	1653
188	1635
189	1617
190	1600
191	1583
192	1561
193	1540
194	1523
195	1506
196	1486
197	1467
198	1446
199	1402
200	1360
201	1341
202	1322
203	1304
204	1288
205	1274
206	1259
207	1243
208	1231
209	1217
210	1206
211	1192
212	1178
213	1160
214	1131
215	1116
216	1102
217	1087
218	1073
219	1057
220	1042
221	1004
222	984
223	970
224	956
225	943
226	932
227	922
228	911
229	901
230	893
231	882
232	873
233	863
234	853
235	842
236	822
237	805
238	795
239	784
240	773
241	763
242	752
243	741
244	716
245	704
246	694
247	686
248	678
249	670
250	661
251	655
252	647
253	640
254	633
255	627
256	620
257	615
258	608
259	600
260	577
261	571
262	567
263	561
264	557
265	554
266	551
267	550
268	554
269	553
270	551
271	549
272	544
273	541
274	535
275	531
276	509
277	497
278	491
279	486
280	483
281	479
282	477
283	474
284	474
285	476
286	475
287	473
288	471
289	469
290	467
291	465
292	463
293	453
294	449
295	446
296	444
297	441
298	438
299	436
300	433
301	429
302	420
303	419
304	417
305	415
306	414
307	414
308	413
309	411
310	411
311	411
312	411
313	409
314	409
315	409
316	407
317	407
318	405
319	400
320	394
321	392
322	392
323	391
324	391
325	391
326	390
327	390
328	390
329	389
330	391
331	390
332	390
333	390
334	390
335	391
336	390
337	386
338	379
339	379
340	378
341	379
342	380
343	380
344	381
345	382
346	383
347	384
348	385
349	386
350	387
351	388
352	387
353	389
354	388
355	388
356	383
357	381
358	379
359	379
360	379
361	378
362	377
363	376
364	375
365	372
366	365
367	364
368	362
369	362
370	362
371	361
372	361
373	360
374	360
375	358
376	357
377	358
378	358
379	359
380	359
381	360
382	360
383	361
384	362
385	362
386	363
387	363
388	364
389	365
390	364
391	365
392	366
393	365
394	364
395	355
396	353
397	354
398	352
399	353
400	353
401	352
402	352
403	352
404	353
405	353
406	354
407	353
408	354
409	354
410	354
411	354
412	354
413	355
414	355
415	345
416	344
417	345
418	344
419	344
420	344
421	345
422	345
423	345
424	345
425	346
426	346
427	346
428	347
429	347
430	349
431	349
432	350
433	351
434	351
435	352
436	350
437	351
438	350
439	349
440	350
441	350
442	349
443	349
444	349
445	347
446	340
447	338
448	337
449	337
450	336
451	335
452	335
453	335
454	334
455	334
456	334
457	334
458	333
459	334
460	334
461	334
462	335
463	336
464	336
465	336
466	337
467	334
468	333
469	332
470	334
471	334
472	334
473	334
474	336
475	335
476	336
477	336
478	334
479	333
480	334
481	335
482	334
483	336
484	335
485	336
486	336
487	337
488	337
489	334
490	332
491	333
492	333
493	333
494	333
495	333
496	333
497	334
498	333
499	334
500	333
501	333
502	333
503	333
504	333
505	332
506	333
507	332
508	332
509	332
510	332
511	330
512	325
513	324
514	325
515	324
516	324
517	325
518	326
519	325
520	326
521	327
522	327
523	327
524	327
525	328
526	328
527	329
528	329
529	329
530	330
531	331
532	330
533	332
534	330
535	325
536	326
537	327
538	326
539	327
540	327
541	327
542	328
543	328
544	328
545	329
546	328
547	327
548	327
549	328
550	327
551	328
552	329
553	329
554	329
555	329
556	329
557	328
558	323
559	321
560	320
561	321
562	321
563	322
564	322
565	323
566	322
567	324
568	323
569	324
570	323
571	323
572	324
573	325
574	326
575	327
576	327
577	328
578	329
579	330
580	330
581	332
582	329
583	330
584	330
585	332
586	332
587	333
588	334
589	335
590	335
591	336
592	336
593	337
594	333
595	333
596	334
597	334
598	334
599	334
600	335
601	335
602	335
603	336
604	335
605	337
606	332
607	330
608	331
609	331
610	331
611	333
612	332
613	332
614	333
615	333
616	334
617	335
618	334
619	333
620	333
621	334
622	334
623	336
624	336
625	337
626	338
627	338
628	339
629	339
630	340
631	338
632	338
633	339
634	340
635	339
636	341
637	341
638	342
639	342
640	343
641	343
642	344
643	345
644	341
645	342
646	342
647	342
648	343
649	343
650	343
651	344
652	344
653	344
654	344
655	345
656	342
657	338
658	339
659	339
660	338
661	340
662	340
663	339
664	341
665	340
666	341
667	340
668	341
669	340
670	339
671	340
672	340
673	340
674	341
675	342
676	342
677	342
678	343
679	343
680	344
681	344
682	343
683	342
684	342
685	343
686	343
687	343
688	343
689	344
690	344
691	345
692	344
693	345
694	345
695	344
696	340
697	341
698	340
699	341
700	341
701	342
702	342
703	342
704	343
705	343
706	344
707	344
708	344
709	343
710	344
711	344
712	344
713	345
714	345
715	345
716	345
717	345
718	345
719	347
720	346
721	346
722	343
723	341
724	342
725	341
726	340
727	341
728	341
729	341
730	340
731	340
732	340
733	341
734	339
735	340
736	338
737	339
738	339
739	338
740	338
741	338
742	337
743	337
744	337
745	336
746	335
747	334
748	334
749	328
750	327
751	325
752	325
753	324
754	324
755	324
756	323
757	322
758	323
759	322
760	322
761	323
762	322
763	325
764	325
765	325
766	324
767	325
768	325
769	324
770	324
771	324
772	324
773	322
774	323
775	322
776	321
777	313
778	312
779	311
780	311
781	311
782	311
783	310
784	310
785	311
786	310
787	310
788	310
789	311
790	311
791	316
792	315
793	316
794	315
795	316
796	316
797	316
798	316
799	316
800	316
801	315
802	314
803	314
804	314
805	308
806	308
807	306
808	305
809	305
810	304
811	302
812	301
813	301
814	300
815	298
816	298
817	297
818	295
819	291
820	288
821	287
822	286
823	285
824	285
825	283
826	283
827	282
828	281
829	281
830	281
831	280
832	280
833	280
834	278
835	278
836	277
837	278
838	278
839	278
840	278
841	279
842	278
843	279
844	279
845	279
846	280
847	279
848	283
849	283
850	284
851	283
852	283
853	284
854	283
855	283
856	282
857	281
858	281
859	279
860	279
861	277
862	276
863	267
864	266
865	265
866	264
867	263
868	262
869	261
870	261
871	260
872	260
873	259
874	258
875	258
876	258
877	259
878	261
879	261
880	261
881	260
882	261
883	259
884	259
885	259
886	258
887	257
888	256
889	256
890	255
891	254
892	249
893	247
894	245
895	245
896	243
897	243
898	241
899	241
900	240
901	239
902	236
903	237
904	236
905	235
906	234
907	233
908	232
909	232
910	231
911	230
912	229
913	229
914	229
915	226
916	226
917	225
918	225
919	223
920	224
921	222
922	221
923	218
924	218
925	217
926	217
927	216
928	215
929	215
930	213
931	213
932	212
933	212
934	211
935	211
936	209
937	208
938	208
939	208
940	207
941	207
942	205
943	205
944	204
945	204
946	203
947	202
948	201
949	201
950	199
951	199
952	198
953	196
954	195
955	194
956	193
957	191
958	191
959	189
960	190
961	187
962	187
963	186
964	186
965	183
966	184
967	182
968	182
969	180
970	179
971	178
972	177
973	175
974	175
975	173
976	172
977	170
978	169
979	168
980	167
981	165
982	164
983	162
984	159
985	156
986	154
987	154
988	151
989	150
990	148
991	148
992	145
993	144
994	142
995	141
996	138
997	138
998	135
999	134
1000	131
1001	131
1002	128
1003	127
1004	125
1005	124
1006	122
1007	121
1008	119
1009	118
1010	116
1011	115
1012	113
1013	113
1014	110
1015	110
1016	107
1017	107
1018	104
1019	104
1020	102
1021	102
1022	100
1023	99
1024	97
1025	97
1026	95
1027	95
1028	93
1029	92
1030	90
1031	90
1032	89
1033	90
1034	87
1035	87
1036	86
1037	85
1038	83
1039	84
1040	81
1041	81
1042	80
1043	79
1044	78
1045	78
1046	76
1047	76
1048	73
1049	73
1050	71
1051	71
1052	69
1053	69
1054	68
1055	67
1056	65
1057	66
1058	64
1059	63
1060	62
1061	61
1062	60
1063	60
1064	59
1065	60
1066	58
1067	58
1068	57
1069	56
1070	55
1071	54
1072	54
1073	52
1074	52
1075	50
1076	50
1077	48
1078	49
1079	47
1080	46
1081	43
1082	43
1083	42
1084	42
1085	39
1086	40
1087	38
1088	39
1089	36
1090	37
1091	35
1092	35
1093	34
1094	33
1095	32
1096	32
1097	33
1098	32
1099	31
1100	31
1101	30
1102	30
1103	29
1104	28
1105	28
1106	28
1107	26
1108	26
1109	25
1110	25
1111	24
1112	23
1113	23
1114	21
1115	22
1116	20
1117	21
1118	19
1119	20
1120	19
1121	18
1122	18
1123	18
1124	17
1125	16
1126	16
1127	16
1128	15
1129	15
1130	15
1131	15
1132	16
1133	15
1134	14
1135	14
1136	15
1137	13
1138	14
1139	13
1140	14
1141	12
1142	12
1143	12
1144	12
1145	12
1146	11
1147	11
1148	12
1149	11
1150	11
1151	10
1152	11
1153	10
1154	10
1155	10
1156	9
1157	9
1158	8
1159	9
1160	8
1161	9
1162	8
1163	8
1164	8
1165	8
1166	8
1167	8
1168	7
1169	8
1170	7
1171	7
1172	7
1173	7
1174	6
1175	7
1176	6
1177	6
1178	6
1179	5
1180	5
1181	6
1182	5
1183	5
1184	5
1185	5
1186	5
1187	4
1188	4
1189	5
1190	4
1191	4
1192	4
1193	4
1194	3
1195	4
1196	4
1197	3
1198	3
1199	5
1200	4
1201	5
1202	4
1203	4
1204	4
1205	4
1206	4
1207	3
1208	4
1209	3
1210	4
1211	3
1212	3
1213	3
1214	4
1215	3
1216	3
1217	2
1218	3
1219	3
1220	3
1221	2
1222	3
1223	2
1224	3
1225	1
1226	2
1227	2
1228	2
1229	1
1230	2
1231	1
1232	2
1233	1
1234	2
1235	2
1236	1
1237	2
1238	2
1239	1
1240	1
1241	2
1242	1
1243	1
1244	2
1245	1
1246	1
1247	0
1248	0
1249	1
1250	0
1251	1
1252	1
1253	1
1254	0
1255	1
1256	0
1257	0
1258	1
1259	0
1260	1
1261	0
1262	1
1263	0
1264	1
1265	0
1266	0
1267	0
1268	0
1269	0
1270	0
1271	1
1272	0
1273	1
1274	0
1275	1
1276	0
1277	0
1278	1
1279	0
1280	1
1281	0
1282	1
1283	1
1284	1
1285	1
1286	1
1287	0
1288	0
1289	0
1290	0
1291	0
1292	0
1293	0
1294	0
1295	0
1296	0
1297	0
1298	0
1299	0
1300	1
1301	0
1302	1
1303	0
1304	1
1305	0
1306	0
1307	0
1308	0
1309	0
1310	0
1311	0
1312	0
1313	0
1314	0
1315	0
1316	0
1317	0
1318	0
1319	0
1320	1
1321	0
1322	0
1323	1
1324	0
1325	0
1326	0
1327	0
1328	0
1329	0
1330	0
1331	0
1332	0
1333	0
1334	0
1335	0
1336	0
1337	0
1338	0
1339	0
1340	0
1341	1
1342	0
1343	0
1344	0
1345	0
1346	0
1347	0
1348	0
1349	0
1350	0
1351	0
1352	0
1353	0
1354	0
1355	0
1356	0
1357	1
1358	0
1359	1
1360	0
1361	0
1362	0
1363	0
1364	0
1365	0
1366	0
1367	0
1368	0
1369	0
1370	0
1371	0
1372	0
1373	0
1374	0
1375	1
1376	0
1377	1
1378	1
1379	0
1380	0
1381	0
1382	0
1383	0
1384	0
1385	0
1386	0
1387	0
1388	0
1389	0
1390	0
1391	0
1392	0
1393	0
1394	0
1395	0
1396	0
1397	0
1398	0
1399	0
1400	0
1401	0
1402	0
1403	0
1404	0
1405	0
1406	0
1407	0
1408	0
1409	0
1410	0
1411	0
1412	0
1413	0
1414	0
1415	0
1416	0
1417	0
1418	0
1419	0
1420	0
1421	0
1422	0
1423	0
1424	0
1425	0
1426	0
1427	0
1428	0
1429	0
1430	0
1431	0
1432	0
1433	0
1434	0
1435	0
1436	0
1437	0
1438	0
1439	0
1440	0
1441	0
1442	0
1443	0
1444	0
1445	0
1446	0
1447	0
1448	0
1449	0
1450	0
1451	1
1452	0
1453	1
1454	0
1455	0
1456	0
1457	0
1458	0
1459	0
1460	0
1461	0
1462	0
1463	0
1464	0
1465	0
1466	0
1467	0
1468	0
1469	0
1470	0
1471	0
1472	1
1473	0
1474	0
1475	0
1476	0
1477	0
1478	0
1479	0
1480	0
1481	0
1482	0
1483	0
1484	0
1485	0
1486	0
1487	0
1488	0
1489	1
1490	0
1491	1
1492	0
1493	0
1494	0
1495	0
1496	0
1497	0
1498	0
1499	0
1500	0
1501	0
1502	0
1503	0
1504	0
1505	0
1506	0
1507	0
1508	1
1509	0
1510	0
1511	1
1512	0
1513	0
1514	0
1515	0
1516	0
1517	0
1518	0
1519	0
1520	0
1521	0
1522	0
1523	0
1524	0
1525	0
1526	0
1527	0
1528	0
1529	0
1530	0
1531	0
1532	0
1533	0
1534	0
1535	0
1536	0
1537	0
1538	0
1539	0
1540	0
1541	0
1542	0
1543	0
1544	0
1545	0
1546	0
1547	0
1548	0
1549	0
1550	1
1551	0
1552	0
1553	0
1554	0
1555	0
1556	0
1557	0
1558	0
1559	0
1560	0
1561	0
1562	0
1563	0
1564	0
1565	0
1566	0
1567	0
1568	0
1569	0
1570	1
1571	0
1572	0
1573	0
1574	0
1575	0
1576	0
1577	0
1578	0
1579	0
1580	0
1581	0
1582	0
1583	0
1584	0
1585	0
1586	0
1587	0
1588	0
1589	0
1590	0
1591	0
1592	0
1593	0
1594	0
1595	0
1596	0
1597	0
1598	0
1599	0
1600	0
1601	0
1602	0
1603	0
1604	0
1605	0
1606	0
1607	0
1608	0
1609	0
1610	0
1611	0
1612	0
1613	0
1614	0
1615	0
1616	0
1617	0
1618	0
1619	0
1620	0
1621	0
1622	0
1623	0
1624	0
1625	0
1626	0
1627	0
1628	0
1629	0
1630	1
1631	0
1632	0
1633	0
1634	0
1635	0
1636	0
1637	0
1638	0
1639	0
1640	0
1641	0
1642	0
1643	0
1644	0
1645	0
1646	0
1647	0
1648	0
1649	0
1650	0
1651	0
1652	0
1653	0
1654	0
1655	0
1656	0
1657	0
1658	0
1659	0
1660	0
1661	0
1662	0
1663	0
1664	0
1665	0
1666	0
1667	0
1668	0
1669	0
1670	0
1671	0
1672	0
1673	0
1674	0
1675	0
1676	0
1677	0
1678	0
1679	0
1680	0
1681	0
1682	0
1683	0
1684	0
1685	0
1686	0
1687	0
1688	0
1689	0
1690	0
1691	0
1692	0
1693	0
1694	0
1695	0
1696	0
1697	0
1698	0
1699	0
1700	0
1701	0
1702	0
1703	0
1704	0
1705	0
1706	0
1707	0
1708	0
1709	0
1710	0
1711	0
1712	0
1713	0
1714	0
1715	0
1716	0
1717	0
1718	0
1719	0
1720	0
1721	0
1722	0
1723	0
1724	0
1725	0
1726	0
1727	0
1728	0
1729	0
1730	0
1731	0
1732	0
1733	0
1734	0
1735	0
1736	0
1737	0
1738	0
1739	0
1740	0
1741	0
1742	0
1743	0
1744	0
1745	0
1746	0
1747	0
1748	0
1749	0
1750	0
1751	0
1752	0
1753	0
1754	0
1755	0
1756	0
1757	0
1758	0
1759	0
1760	0
1761	0
1762	0
1763	0
1764	0
1765	0
1766	0
1767	0
1768	0
1769	0
1770	0
1771	0
1772	0
1773	0
1774	0
1775	0
1776	0
1777	0
1778	0
1779	0
1780	0
1781	0
1782	0
1783	0
1784	0
1785	0
1786	0
1787	0
1788	0
1789	0
1790	0
1791	0
1792	0
1793	0
1794	0
1795	1
1796	0
1797	0
1798	0
1799	0
1800	0
1801	0
1802	0
1803	0
1804	0
1805	0
1806	0
1807	0
1808	0
1809	0
1810	0
1811	0
1812	0
1813	0
1814	0
1815	0
1816	1
1817	0
1818	0
1819	0
1820	0
1821	0
1822	0
1823	0
1824	0
1825	0
1826	0
1827	0
1828	0
1829	0
1830	0
1831	0
1832	0
1833	0
1834	0
1835	0
1836	0
1837	0
1838	1
1839	0
1840	0
1841	0
1842	0
1843	0
1844	0
1845	0
1846	0
1847	0
1848	0
1849	0
1850	0
1851	0
1852	0
1853	0
1854	0
1855	0
1856	0
1857	0
1858	0
1859	0
1860	0
1861	0
1862	0
1863	0
1864	0
1865	0
1866	0
1867	0
1868	0
1869	0
1870	0
1871	0
1872	0
1873	0
1874	0
1875	0
1876	0
1877	0
1878	0
1879	0
1880	0
1881	0
1882	0
1883	0
1884	0
1885	0
1886	0
1887	0
1888	0
1889	0
1890	0
1891	0
1892	0
1893	0
1894	0
1895	0
1896	0
1897	0
1898	0
1899	0
1900	0
1901	0
1902	0
1903	0
1904	0
1905	0
1906	0
1907	0
1908	0
1909	0
1910	0
1911	0
1912	0
1913	0
1914	0
1915	0
1916	0
1917	0
1918	0
1919	0
1920	0
1921	0
1922	0
1923	0
1924	0
1925	0
1926	0
1927	0
1928	0
1929	0
1930	0
1931	0
1932	0
1933	0
1934	0
1935	0
1936	0
1937	0
1938	0
1939	0
1940	0
1941	0
1942	0
1943	0
1944	0
1945	0
1946	0
1947	0
1948	0
1949	0
1950	0
1951	0
1952	0
1953	0
1954	0
1955	0
1956	0
1957	0
1958	0
1959	0
1960	0
1961	0
1962	0
1963	0
1964	0
1965	0
1966	0
1967	0
1968	0
1969	0
1970	0
1971	0
1972	0
1973	0
1974	0
1975	0
1976	0
1977	0
1978	0
1979	0
1980	0
1981	0
1982	0
1983	0
1984	0
1985	0
1986	0
1987	0
1988	0
1989	0
1990	0
1991	0
1992	0
1993	0
1994	0
1995	0
1996	0
1997	0
1998	0
1999	0
2000	0
2001	0
2002	0
2003	0
2004	0
2005	0
2006	0
2007	0
2008	0
2009	0
2010	0
2011	0
2012	0
2013	1
2014	0
2015	0
2016	0
2017	0
2018	0
2019	0
2020	0
2021	0
2022	0
2023	0
2024	0
2025	0
2026	0
2027	0
2028	0
2029	0
2030	0
2031	0
2032	0
2033	0
2034	0
2035	0
2036	0
2037	0
2038	0
2039	0
2040	0
2041	0
2042	0
2043	0
2044	0
2045	0
2046	0
2047	0
2048	0
2049	0
2050	0
2051	0
2052	0
2053	0
2054	0
2055	0
2056	0
2057	0
2058	0
2059	0
2060	0
2061	0
2062	0
2063	0
2064	0
2065	0
2066	0
2067	0
2068	0
2069	0
2070	0
2071	0
2072	0
2073	0
2074	0
2075	0
2076	0
2077	0
2078	0
2079	0
2080	0
2081	0
2082	0
2083	0
2084	0
2085	0
2086	0
2087	0
2088	0
2089	0
2090	0
2091	0
2092	0
2093	0
2094	0
2095	0
2096	0
2097	0
2098	0
2099	0
2100	0
2101	0
2102	0
2103	0
2104	1
2105	0
2106	0
2107	0
2108	0
2109	0
2110	0
2111	0
2112	0
2113	0
2114	0
2115	0
2116	0
2117	0
2118	0
2119	0
2120	0
2121	0
2122	0
2123	0
2124	0
2125	0
2126	0
2127	0
2128	0
2129	0
2130	0
2131	0
2132	0
2133	0
2134	0
2135	0
2136	0
2137	0
2138	0
2139	0
2140	0
2141	0
2142	0
2143	0
2144	0
2145	0
2146	0
2147	0
2148	0
2149	0
2150	0
2151	0
2152	0
2153	0
2154	0
2155	0
2156	0
2157	0
2158	0
2159	0
2160	0
2161	0
2162	0
2163	0
2164	0
2165	0
2166	0
2167	0
2168	0
2169	0
2170	0
2171	0
2172	0
2173	1
2174	0
2175	0
2176	0
2177	0
2178	0
2179	0
2180	0
2181	0
2182	0
2183	0
2184	0
2185	0
2186	0
2187	0
2188	0
2189	0
2190	0
2191	0
2192	0
2193	0
2194	0
2195	0
2196	0
2197	1
2198	0
2199	0
2200	0
2201	0
2202	0
2203	0
2204	0
2205	0
2206	0
2207	0
2208	0
2209	0
2210	0
2211	0
2212	0
2213	0
2214	0
2215	0
2216	0
2217	0
2218	0
2219	0
2220	1
2221	0
2222	0
2223	0
2224	0
2225	0
2226	0
2227	0
2228	0
2229	0
2230	0
2231	0
2232	0
2233	0
2234	0
2235	0
2236	0
2237	0
2238	0
2239	0
2240	0
2241	0
2242	0
2243	0
2244	0
2245	0
2246	0
2247	0
2248	0
2249	0
2250	0
2251	0
2252	0
2253	0
2254	0
2255	0
2256	0
2257	0
2258	0
2259	0
2260	0
2261	0
2262	0
2263	0
2264	0
2265	0
2266	0
2267	0
2268	0
2269	0
2270	0
2271	0
2272	0
2273	0
2274	0
2275	0
2276	0
2277	0
2278	0
2279	0
2280	0
2281	0
2282	0
2283	0
2284	0
2285	0
2286	0
2287	0
2288	0
2289	0
2290	0
2291	0
2292	0
2293	0
2294	0
2295	0
2296	0
2297	0
2298	0
2299	0
2300	0
2301	0
2302	0
2303	0
2304	0
2305	0
2306	0
2307	0
2308	0
2309	0
2310	0
2311	0
2312	0
2313	0
2314	0
2315	0
2316	0
2317	0
2318	0
2319	0
2320	0
2321	0
2322	0
2323	0
2324	0
2325	0
2326	0
2327	0
2328	0
2329	0
2330	0
2331	0
2332	0
2333	0
2334	0
2335	0
2336	0
2337	0
2338	0
2339	0
2340	0
2341	0
2342	0
2343	0
2344	0
2345	0
2346	0
2347	0
2348	0
2349	0
2350	0
2351	0
2352	0
2353	0
2354	0
2355	0
2356	0
2357	0
2358	0
2359	0
2360	0
2361	0
2362	0
2363	0
2364	0
2365	0
2366	0
2367	0
2368	0
2369	0
2370	0
2371	0
2372	0
2373	0
2374	0
2375	0
2376	0
2377	0
2378	0
2379	0
2380	0
2381	0
2382	0
2383	0
2384	0
2385	0
2386	0
2387	0
2388	0
2389	0
2390	0
2391	0
2392	0
2393	0
2394	0
2395	0
2396	0
2397	0
2398	0
2399	0
2400	0
2401	0
2402	0
2403	0
2404	0
2405	0
2406	0
2407	0
2408	0
2409	0
2410	0
2411	0
2412	0
2413	1
2414	0
2415	0
2416	0
2417	0
2418	0
2419	0
2420	0
2421	0
2422	0
2423	0
2424	0
2425	0
2426	0
2427	0
2428	0
2429	0
2430	0
2431	0
2432	0
2433	0
2434	0
2435	0
2436	0
2437	0
2438	0
2439	0
2440	0
2441	0
2442	0
2443	0
2444	0
2445	0
2446	0
2447	0
2448	0
2449	0
2450	0
2451	0
2452	0
2453	0
2454	0
2455	0
2456	0
2457	0
2458	0
2459	0
2460	0
2461	0
2462	1
2463	0
2464	0
2465	0
2466	0
2467	0
2468	0
2469	0
2470	0
2471	0
2472	0
2473	0
2474	0
2475	0
2476	0
2477	0
2478	0
2479	0
2480	0
2481	0
2482	0
2483	0
2484	0
2485	0
2486	0
2487	0
2488	0
2489	0
2490	0
2491	0
2492	0
2493	0
2494	0
2495	0
2496	0
2497	0
2498	0
2499	0
2500	0
2501	0
2502	0
2503	0
2504	0
2505	0
2506	0
2507	0
2508	0
2509	0
2510	0
2511	0
2512	1
2513	0
2514	0
2515	0
2516	0
2517	0
2518	0
2519	0
2520	0
2521	0
2522	0
2523	0
2524	0
2525	0
2526	0
2527	0
2528	0
2529	0
2530	0
2531	0
2532	0
2533	0
2534	0
2535	0
2536	0
2537	0
2538	0
2539	0
2540	0
2541	0
2542	0
2543	0
2544	0
2545	0
2546	0
2547	0
2548	0
2549	0
2550	0
2551	0
2552	0
2553	0
2554	0
2555	0
2556	0
2557	0
2558	0
2559	0
2560	0
2561	0
2562	0
2563	0
2564	0
2565	0
2566	0
2567	0
2568	0
2569	0
2570	0
2571	0
2572	0
2573	0
2574	0
2575	0
2576	0
2577	0
2578	0
2579	0
2580	0
2581	0
2582	0
2583	0
2584	0
2585	0
2586	0
2587	0
2588	0
2589	0
2590	0
2591	0
2592	0
2593	0
2594	0
2595	0
2596	0
2597	0
2598	0
2599	0
2600	0
2601	0
2602	0
2603	0
2604	0
2605	0
2606	0
2607	0
2608	0
2609	0
2610	0
2611	0
2612	0
2613	0
2614	0
2615	0
2616	0
2617	0
2618	0
2619	0
2620	0
2621	0
2622	0
2623	0
2624	0
2625	0
2626	0
2627	0
2628	0
2629	0
2630	0
2631	0
2632	0
2633	0
2634	0
2635	0
2636	0
2637	0
2638	0
2639	0
2640	0
2641	0
2642	0
2643	0
2644	0
2645	0
2646	0
2647	0
2648	0
2649	0
2650	0
2651	0
2652	0
2653	0
2654	0
2655	0
2656	0
2657	0
2658	0
2659	0
2660	0
2661	0
2662	0
2663	0
2664	0
2665	0
2666	0
2667	0
2668	0
2669	0
2670	0
2671	0
2672	0
2673	0
2674	0
2675	0
2676	0
2677	0
2678	0
2679	0
2680	0
2681	0
2682	0
2683	0
2684	0
2685	0
2686	0
2687	0
2688	0
2689	0
2690	0
2691	0
2692	0
2693	0
2694	0
2695	0
2696	0
2697	0
2698	0
2699	0
2700	0
2701	0
2702	0
2703	0
2704	0
2705	0
2706	0
2707	0
2708	0
2709	0
2710	0
2711	0
2712	0
2713	0
2714	0
2715	0
2716	0
2717	0
2718	0
2719	0
2720	0
2721	0
2722	0
2723	0
2724	0
2725	0
2726	0
2727	0
2728	0
2729	0
2730	0
2731	0
2732	0
2733	0
2734	0
2735	0
2736	0
2737	0
2738	0
2739	0
2740	0
2741	0
2742	0
2743	0
2744	0
2745	0
2746	0
2747	0
2748	0
2749	0
2750	0
2751	0
2752	0
2753	0
2754	0
2755	0
2756	0
2757	0
2758	0
2759	0
2760	0
2761	0
2762	0
2763	0
2764	0
2765	0
2766	0
2767	0
2768	0
2769	0
2770	0
2771	0
2772	0
2773	0
2774	0
2775	0
2776	0
2777	0
2778	0
2779	0
2780	0
2781	0
2782	0
2783	0
2784	0
2785	0
2786	0
2787	0
2788	0
2789	0
2790	0
2791	0
2792	0
2793	0
2794	0
2795	1
2796	0
2797	0
2798	0
2799	0
2800	0
2801	0
2802	0
2803	0
2804	0
2805	0
2806	0
2807	0
2808	0
2809	0
2810	0
2811	0
2812	0
2813	0
2814	0
2815	0
2816	0
2817	0
2818	0
2819	0
2820	0
2821	0
2822	0
2823	0
2824	0
2825	0
2826	0
2827	0
2828	0
2829	0
2830	0
2831	0
2832	0
2833	0
2834	0
2835	0
2836	0
2837	0
2838	0
2839	0
2840	0
2841	0
2842	0
2843	0
2844	0
2845	0
2846	0
2847	0
2848	0
2849	0
2850	0
2851	0
2852	0
2853	0
2854	0
2855	0
2856	0
2857	0
2858	0
2859	0
2860	0
2861	0
2862	0
2863	0
2864	0
2865	0
2866	0
2867	0
2868	0
2869	0
2870	0
2871	0
2872	0
2873	0
2874	0
2875	0
2876	0
2877	0
2878	0
2879	0
2880	0
2881	0
2882	0
2883	0
2884	0
2885	0
2886	0
2887	0
2888	0
2889	0
2890	0
2891	0
2892	0
2893	0
2894	0
2895	0
2896	0
2897	0
2898	0
2899	0
2900	0
2901	0
2902	0
2903	0
2904	0
2905	0
2906	0
2907	0
2908	0
2909	0
2910	0
2911	0
2912	0
2913	0
2914	0
2915	0
2916	0
2917	0
2918	0
2919	0
2920	0
2921	0
2922	0
2923	0
2924	0
2925	0
2926	0
2927	0
2928	0
2929	0
2930	0
2931	0
2932	0
2933	0
2934	0
2935	0
2936	0
2937	0
2938	0
2939	0
2940	0
2941	0
2942	0
2943	0
2944	0
2945	0
2946	0
2947	0
2948	0
2949	0
2950	0
2951	0
2952	0
2953	0
2954	0
2955	0
2956	0
2957	0
2958	0
2959	0
2960	0
2961	0
2962	0
2963	0
2964	0
2965	0
2966	0
2967	0
2968	0
2969	0
2970	0
2971	0
2972	0
2973	0
2974	0
2975	0
2976	0
2977	0
2978	0
2979	0
2980	0
2981	0
2982	0
2983	0
2984	0
2985	0
2986	0
2987	0
2988	0
2989	0
2990	0
2991	0
2992	0
2993	0
2994	0
2995	0
2996	0
2997	0
2998	0
2999	0
3000	0
3001	0
3002	0
3003	0
3004	0
3005	0
3006	0
3007	0
3008	0
3009	0
3010	0
3011	0
3012	0
3013	0
3014	0
3015	0
3016	0
3017	0
3018	0
3019	0
3020	0
3021	0
3022	0
3023	0
3024	0
3025	0
3026	0
3027	0
3028	0
3029	0
3030	0
3031	0
3032	0
3033	0
3034	0
3035	0
3036	0
3037	0
3038	0
3039	0
3040	0
3041	0
3042	0
3043	0
3044	0
3045	0
3046	0
3047	0
3048	0
3049	0
3050	0
3051	0
3052	0
3053	0
3054	0
3055	0
3056	0
3057	0
3058	0
3059	0
3060	0
3061	0
3062	0
3063	0
3064	0
3065	0
3066	0
3067	0
3068	0
3069	0
3070	0
3071	0
3072	0
3073	0
3074	0
3075	0
3076	0
3077	0
3078	0
3079	0
3080	0
3081	0
3082	0
3083	0
3084	0
3085	0
3086	0
3087	0
3088	0
3089	0
3090	0
3091	0
3092	0
3093	0
3094	0
3095	0
3096	0
3097	0
3098	0
3099	0
3100	0
3101	0
3102	0
3103	0
3104	0
3105	0
3106	0
3107	0
3108	0
3109	0
3110	0
3111	0
3112	0
3113	0
3114	0
3115	0
3116	0
3117	0
3118	0
3119	0
3120	0
3121	0
3122	0
3123	0
3124	0
3125	0
3126	0
3127	0
3128	0
3129	0
3130	0
3131	0
3132	0
3133	0
3134	0
3135	0
3136	0
3137	0
3138	0
3139	0
3140	0
3141	0
3142	0
3143	0
3144	0
3145	0
3146	0
3147	0
3148	0
3149	0
3150	0
3151	0
3152	0
3153	0
3154	0
3155	0
3156	0
3157	0
3158	0
3159	0
3160	0
3161	0
3162	0
3163	0
3164	0
3165	0
3166	0
3167	0
3168	0
3169	0
3170	0
3171	0
3172	0
3173	0
3174	0
3175	0
3176	0
3177	0
3178	1
3179	0
3180	0
3181	0
3182	0
3183	0
3184	0
3185	0
3186	0
3187	0
3188	0
3189	0
3190	0
3191	0
3192	0
3193	0
3194	0
3195	0
3196	0
3197	0
3198	0
3199	0
3200	0
3201	0
3202	0
3203	0
3204	0
3205	0
3206	1
3207	0
3208	0
3209	0
3210	0
3211	0
3212	0
3213	0
3214	0
3215	0
3216	0
3217	0
3218	0
3219	0
3220	0
3221	0
3222	0
3223	0
3224	0
3225	0
3226	0
3227	0
3228	0
3229	0
3230	0
3231	0
3232	0
3233	0
3234	0
3235	0
3236	0
3237	0
3238	0
3239	0
3240	0
3241	0
3242	0
3243	0
3244	0
3245	0
3246	0
3247	0
3248	0
3249	0
3250	0
3251	0
3252	0
3253	0
3254	0
3255	0
3256	0
3257	0
3258	0
3259	0
3260	0
3261	0
3262	0
3263	0
3264	0
3265	0
3266	0
3267	0
3268	0
3269	0
3270	0
3271	0
3272	0
3273	0
3274	0
3275	0
3276	0
3277	0
3278	0
3279	0
3280	0
3281	0
3282	0
3283	0
3284	0
3285	0
3286	0
3287	0
3288	0
3289	0
3290	0
3291	0
3292	0
3293	0
3294	0
3295	0
3296	0
3297	0
3298	0
3299	0
3300	0
3301	0
3302	0
3303	0
3304	0
3305	0
3306	0
3307	0
3308	0
3309	0
3310	0
3311	0
3312	0
3313	0
3314	0
3315	0
3316	0
3317	0
3318	0
3319	0
3320	0
3321	0
3322	0
3323	0
3324	0
3325	0
3326	0
3327	0
3328	0
3329	0
3330	0
3331	0
3332	0
3333	0
3334	0
3335	0
3336	0
3337	0
3338	0
3339	0
3340	0
3341	0
3342	0
3343	0
3344	0
3345	0
3346	0
3347	0
3348	0
3349	0
3350	0
3351	0
3352	0
3353	0
3354	0
3355	0
3356	0
3357	0
3358	0
3359	0
3360	0
3361	0
3362	0
3363	0
3364	0
3365	0
3366	0
3367	0
3368	0
3369	0
3370	0
3371	0
3372	0
3373	0
3374	0
3375	0
3376	0
3377	0
3378	0
3379	0
3380	0
3381	0
3382	0
3383	0
3384	0
3385	0
3386	0
3387	0
3388	0
3389	0
3390	0
3391	0
3392	0
3393	0
3394	0
3395	0
3396	0
3397	0
3398	0
3399	0
3400	0
3401	0
3402	0
3403	0
3404	0
3405	0
3406	0
3407	0
3408	0
3409	0
3410	0
3411	0
3412	0
3413	0
3414	0
3415	0
3416	0
3417	0
3418	0
3419	0
3420	0
3421	0
3422	0
3423	0
3424	0
3425	0
3426	0
3427	0
3428	0
3429	0
3430	0
3431	0
3432	0
3433	0
3434	0
3435	0
3436	0
3437	0
3438	0
3439	0
3440	0
3441	0
3442	0
3443	0
3444	0
3445	0
3446	0
3447	0
3448	0
3449	0
3450	0
3451	0
3452	0
3453	0
3454	0
3455	0
3456	0
3457	0
3458	0
3459	0
3460	0
3461	0
3462	0
3463	0
3464	0
3465	0
3466	0
3467	0
3468	0
3469	0
3470	0
3471	0
3472	0
3473	0
3474	0
3475	0
3476	0
3477	0
3478	0
3479	0
3480	0
3481	0
3482	0
3483	0
3484	0
3485	0
3486	0
3487	0
3488	0
3489	0
3490	0
3491	0
3492	0
3493	0
3494	0
3495	0
3496	0
3497	0
3498	0
3499	0
3500	0
3501	0
3502	0
3503	0
3504	0
3505	0
3506	0
3507	0
3508	0
3509	0
3510	0
3511	0
3512	0
3513	0
3514	0
3515	0
3516	0
3517	0
3518	0
3519	0
3520	0
3521	0
3522	0
3523	0
3524	0
3525	0
3526	0
3527	0
3528	0
3529	0
3530	0
3531	0
3532	0
3533	0
3534	0
3535	0
3536	0
3537	0
3538	0
3539	0
3540	0
3541	0
3542	0
3543	0
3544	0
3545	0
3546	0
3547	0
3548	0
3549	0
3550	0
3551	0
3552	0
3553	0
3554	0
3555	0
3556	0
3557	0
3558	0
3559	0
3560	0
3561	0
3562	0
3563	0
3564	0
3565	0
3566	0
3567	0
3568	0
3569	0
3570	0
3571	0
3572	0
3573	0
3574	0
3575	0
3576	0
3577	0
3578	0
3579	0
3580	0
3581	0
3582	0
3583	0
3584	0
3585	0
3586	0
3587	0
3588	0
3589	0
3590	0
3591	0
3592	0
3593	0
3594	0
3595	0
3596	0
3597	0
3598	0
3599	0
3600	0
3601	0
3602	0
3603	0
3604	0
3605	0
3606	0
3607	0
3608	0
3609	0
3610	0
3611	0
3612	0
3613	0
3614	0
3615	0
3616	0
3617	0
3618	0
3619	0
3620	0
3621	0
3622	0
3623	0
3624	0
3625	0
3626	0
3627	0
3628	0
3629	0
3630	0
3631	0
3632	0
3633	0
3634	0
3635	0
3636	0
3637	0
3638	0
3639	0
3640	0
3641	0
3642	0
3643	0
3644	0
3645	0
3646	0
3647	0
3648	0
3649	0
3650	0
3651	0
3652	0
3653	0
3654	0
3655	0
3656	0
3657	0
3658	0
3659	0
3660	0
3661	0
3662	0
3663	0
3664	0
3665	0
3666	0
3667	0
3668	0
3669	0
3670	0
3671	0
3672	0
3673	0
3674	0
3675	0
3676	0
3677	0
3678	0
3679	0
3680	0
3681	0
3682	0
3683	0
3684	0
3685	0
3686	0
3687	0
3688	0
3689	0
3690	0
3691	0
3692	0
3693	0
3694	0
3695	0
3696	0
3697	0
3698	0
3699	0
3700	0
3701	0
3702	0
3703	0
3704	0
3705	0
3706	0
3707	0
3708	0
3709	0
3710	0
3711	0
3712	0
3713	0
3714	0
3715	0
3716	0
3717	0
3718	0
3719	0
3720	0
3721	0
3722	0
3723	0
3724	0
3725	0
3726	0
3727	0
3728	0
3729	0
3730	0
3731	0
3732	0
3733	0
3734	0
3735	0
3736	0
3737	0
3738	0
3739	0
3740	0
3741	0
3742	0
3743	0
3744	0
3745	0
3746	0
3747	0
3748	0
3749	0
3750	0
3751	0
3752	0
3753	0
3754	0
3755	0
3756	0
3757	0
3758	0
3759	0
3760	0
3761	0
3762	0
3763	0
3764	0
3765	0
3766	0
3767	0
3768	0
3769	0
3770	0
3771	0
3772	0
3773	0
3774	0
3775	0
3776	0
3777	0
3778	0
3779	0
3780	0
3781	0
3782	0
3783	0
3784	0
3785	0
3786	0
3787	0
3788	0
3789	0
3790	0
3791	0
3792	0
3793	0
3794	0
3795	0
3796	0
3797	0
3798	0
3799	0
3800	0
3801	0
3802	0
3803	0
3804	0
3805	0
3806	0
3807	0
3808	0
3809	0
3810	0
3811	0
3812	0
3813	0
3814	0
3815	0
3816	0
3817	0
3818	0
3819	0
3820	0
3821	0
3822	0
3823	0
3824	0
3825	0
3826	0
3827	0
3828	0
3829	0
3830	0
3831	0
3832	0
3833	0
3834	0
3835	0
3836	0
3837	0
3838	0
3839	0
3840	0
3841	0
3842	0
3843	0
3844	0
3845	0
3846	0
3847	0
3848	0
3849	0
3850	0
3851	0
3852	0
3853	0
3854	0
3855	0
3856	0
3857	0
3858	0
3859	0
3860	0
3861	0
3862	0
3863	0
3864	0
3865	0
3866	0
3867	0
3868	0
3869	0
3870	0
3871	0
3872	0
3873	0
3874	0
3875	0
3876	0
3877	0
3878	0
3879	0
3880	0
3881	0
3882	0
3883	0
3884	0
3885	0
3886	0
3887	0
3888	0
3889	0
3890	1
3891	0
3892	0
3893	0
3894	0
3895	0
3896	0
3897	0
3898	0
3899	0
3900	0
3901	0
3902	0
3903	0
3904	0
3905	0
3906	0
3907	0
3908	0
3909	0
3910	0
3911	0
3912	0
3913	0
3914	0
3915	0
3916	0
3917	0
3918	0
3919	0
3920	0
3921	0
3922	0
3923	0
3924	0
3925	0
3926	0
3927	0
3928	0
3929	0
3930	0
3931	0
3932	0
3933	0
3934	0
3935	0
3936	0
3937	0
3938	0
3939	0
3940	0
3941	0
3942	0
3943	0
3944	0
3945	0
3946	0
3947	0
3948	0
3949	0
3950	0
3951	0
3952	0
3953	0
3954	0
3955	1
3956	0
3957	1
3958	1
3959	1
3960	0
3961	1
3962	1
3963	1
3964	0
3965	1
3966	1
3967	1
3968	1
3969	0
3970	1
3971	1
3972	1
3973	0
3974	1
3975	1
3976	1
3977	1
3978	1
3979	1
3980	1
3981	1
3982	1
3983	1
3984	1
3985	0
3986	0
3987	0
3988	0
3989	0
3990	0
3991	0
3992	0
3993	0
3994	0
3995	0
3996	0
3997	0
3998	0
3999	0
4000	0
4001	0
4002	0
4003	0
4004	0
4005	0
4006	0
4007	0
4008	0
4009	0
4010	0
4011	0
4012	0
4013	0
4014	0
4015	0
4016	0
4017	0
4018	0
4019	0
4020	0
4021	0
4022	0
4023	0
4024	0
4025	0
4026	0
4027	0
4028	0
4029	0
4030	0
4031	0
4032	0
4033	0
4034	0
4035	0
4036	0
4037	0
4038	0
4039	0
4040	0
4041	0
4042	0
4043	0
4044	0
4045	0
4046	0
4047	0
4048	0
4049	0
4050	0
4051	0
4052	0
4053	0
4054	0
4055	0
4056	0
4057	0
4058	0
4059	0
4060	0
4061	0
4062	0
4063	0
4064	0
4065	0
4066	0
4067	0
4068	0
4069	0
4070	0
4071	0
4072	0
4073	0
4074	0
4075	0
4076	0
4077	0
4078	0
4079	0
4080	0
4081	0
4082	0
4083	0
4084	0
4085	0
4086	0
4087	0
4088	0
4089	0
4090	0
4091	0
4092	0
4093	0
4094	0
4095	0
